E:\Documents\autostitch~\images\test\100-0024_img.jpg
568 758

1 0 378.5 
0 1 283.5 
0 0 1 

0.989527 -0.0039088 0.144295 
0.0038679 0.999992 0.000563774 
-0.144296 3.3707e-008 0.989535 

900.737

E:\Documents\autostitch~\images\test\100-0025_img.jpg
568 758

1 0 378.5 
0 1 283.5 
0 0 1 

0.987605 0.0733137 0.138787 
-0.00953644 0.910607 -0.413164 
-0.156671 0.406719 0.900019 

905.041

E:\Documents\autostitch~\images\test\100-0038_img.jpg
568 758

1 0 378.5 
0 1 283.5 
0 0 1 

0.917693 -0.0895265 0.387073 
0.0078701 0.978185 0.207586 
-0.397214 -0.187454 0.898378 

895.423

E:\Documents\autostitch~\images\test\100-0039_img.jpg
568 758

1 0 378.5 
0 1 283.5 
0 0 1 

0.920372 0.0670426 0.385255 
0.0127324 0.979534 -0.200877 
-0.390838 0.189787 0.900681 

900.787

E:\Documents\autostitch~\images\test\100-0040_img.jpg
568 758

1 0 378.5 
0 1 283.5 
0 0 1 

0.916724 0.219011 0.334143 
0.0133347 0.81912 -0.573467 
-0.399299 0.530167 0.747986 

904.906

E:\Documents\autostitch~\images\test\101-0104_img.jpg
568 758

1 0 378.5 
0 1 283.5 
0 0 1 

0.986598 0.107717 0.12256 
-0.0157718 0.810563 -0.585439 
-0.162404 0.57566 0.801399 

907.662

E:\Documents\autostitch~\images\test\100-0023_img.jpg
568 758

1 0 378.5 
0 1 283.5 
0 0 1 

0.995744 -0.0159754 0.0907733 
-0.0142584 0.946308 0.322951 
-0.0910588 -0.322871 0.942052 

897.336

